#Optik I, Grundpraktikum II, Maria Spethman, Julian Haeck, 7.9.2918, Rohdaten
#Wellenlaenge in nm, Anzahl Messung, Winkel1 in Grad, Winkel1 BOgenminute, Winkel2 Grad, Winkel2 Bogenminute
643.85 322.5 14 14 14 14 13 13 12 12 13 14 204.5 13 15 15
579.07 323.5 3 3 3 203.5 23 21 23
546.07 324 6 8 5 203 20 19 20
508.58 325 23 25 25 202.5 0 0 1
479.99 325.5 14 14 13 201.5 13 13 12
467.81 326 6 6 7 201 18 18 17
435.83 327 25 23 22 200 1 0 2
404.66 329 7 7 7 198 19 18 20
#Zink
636.23 322.5 22 22 20 204.5 11 11 12 
481.05 325.5 12 14 14 201.5 16 17 17 
472.22 201.5 0 0 0 326 2 1 1
468.01 201 21 21 20 326 10 9 9

